datum	Station	PH	EC	NA	MG	CA	F	CL	NO3	SO4	PO4P	CACO3	Si	NH4	TDS	NH3(ug/l)
05.01.31	A9H008Q01	8	20	10	8	13	0.18	14	0.08	3	0.03			0.07	130	2.66
05.03.16	A9H008Q01	7.5	16	8	7	11	0.12	7	0.13	3	0.015			0.03	104	1.14
05.04.04	A9H008Q01	8	16	8	7	13	0.14	9	0.12	3	0.034			0.04	104	1.52
05.05.15	A9H008Q01	7.6	18	8	8	12	0.05	9	0.04	2	0.014			0.02	117	0.76
05.05.31	A9H008Q01	7.1	18	8	8	13	0.13	12	0.04	2	0.03			0.05	117	1.90
05.06.30	A9H008Q01	7.6	19	9	8	13	0.15	10	0.04	2	0.015			0.05	123.5	1.90
05.08.15	A9H008Q01	7.9	21	11	8	13	0.05	15	0.04	2	0.02			0.02	136.5	0.76
06.04.29	A9H008Q01	7.4	16	8	6.3	9	0.11	12	0.04	2	0.013			0.02	104	0.76
06.05.30	A9H008Q01	7.8	15	7.5	7	9	0.6	12	0.04	6	0.014			0.02	97.5	0.76
06.06.14	A9H008Q01	7.8	17	9	6	11	0.14	14	0.04	2	0.022			0.046	110.5	1.75
06.08.17	A9H008Q01	7.7	18	8	8	11	0.05	15	0.12	2	0.03			0.02	117	0.76
06.09.15	A9H008Q01	7.6	20	11	8	10	0.11	13	0.22	5	0.02			0.02	130	0.76
06.10.01	A9H008Q01	8	20	12	9	13	0.15	12	0.04	2	0.027			0.076	130	2.89
06.10.17	A9H008Q01	7.8	19	10	8	11	0.14	11	0.04	5	0.03			0.02	123.5	0.76
06.12.12	A9H008Q01	8.1	17	9	8	10	0.16	13	0.04	2	0.014			0.02	110.5	0.76
06.12.15	A9H008Q01	7.9	19	9	8	11	0.13	12	0.04	2	0.03			0.1	123.5	3.80
07.01.04	A9H008Q01	7.8	14	7	6	10	0.11	12	0.04	7	0.045			0.05	91	1.90
07.01.16	A9H008Q01	7.8	16	7	7	11	0.05	12	0.04	4	0.017			0.1	104	3.80
07.02.01	A9H008Q01	7.8	16	8	7	11	0.05	9	0.04	5	0.033			0.1	104	3.80
07.04.16	A9H008Q01	8	16.4	7	6	10.6	0.14	10	0.04	2	0.027			0.12	106.6	4.56
07.06.15	A9H008Q01	8	20	10	8	12	0.11	11	0.04	2	0.016			0.04	130	1.52
07.06.18	A9H008Q01	7.8	18	9	8	11	0.17	11	0.04	2	0.012			0.067	117	2.55
07.07.15	A9H008Q01	7.7	20	10	9	13	0.15	13	0.04	6	0.013			0.05	130	1.90
07.08.02	A9H008Q01	7.6	20	9	7.6	14	0.15	12	0.04	2	0.012			0.08	130	3.04
07.08.18	A9H008Q01	8	19.5	10	8	15	0.12	10	0.04	8	0.022			0.09	126.75	3.42
07.09.01	A9H008Q01	7.9	20	11	8	14	0.12	11	0.04	7	0.006			0.084	130	3.19
07.09.15	A9H008Q01	8.1	21	11	9	15	0.21	14	0.04	2	0.03			0.052	136.5	1.98
05.01.15	A9H011Q01	7.9	46	43	16	22	0.18	57	0.07	9	0.011			0.04	299	1.52
05.03.10	A9H011Q01	7.4	25	15	9	16	0.13	19	0.09	5	0.018			0.04	162.5	1.52
05.05.18	A9H011Q01	7.8	24	15	9	14	0.14	23	0.04	2	0.016			0.02	156	0.76
05.12.01	A9H011Q01	8.2	35	22	13	24	0.14	28	0.04	4	0.042			0.02	227.5	0.76
06.01.16	A9H011Q01	7.1	13	9	5	8	0.05	12	1.5	2	0.013			0.02	84.5	0.76
06.03.15	A9H011Q01	7.8	13	7	5	8	0.11	11	0.04	2	0.02			0.02	84.5	0.76
06.05.20	A9H011Q01	7.7	13	8	5	8	0.12	15	0.04	2	0.03			0.02	84.5	0.76
06.06.09	A9H011Q01	7.7	17	10	6	9	0.12	15	0.04	2	0.012			0.02	110.5	0.76
06.07.13	A9H011Q01	7.6	15	10	6	9	1.1	14	0.04	9	0.006			0.05	97.5	1.90
06.08.15	A9H011Q01	7.8	16	11	5	8	0.11	18	0.04	2	0.006			0.02	104	0.76
06.09.27	A9H011Q01	7.8	19	12	7	11	0.13	17	0.04	2	0.02			0.02	123.5	0.76
06.10.15	A9H011Q01	8	22	14	8	14	0.16	20	0.04	2	0.019			0.02	143	0.76
06.11.11	A9H011Q01	8	23	15	9	11	0.15	21	0.04	2	0.04			0.09	149.5	3.42
06.11.30	A9H011Q01	7.8	18	9	7	12	0.12	11	0.04	2	0.013			0.12	117	4.56
06.12.12	A9H011Q01	7.9	21	13	8	13	0.18	16	0.04	5	0.019			0.02	136.5	0.76
07.01.11	A9H011Q01	8	14	8	5	9	0.12	11	0.04	2	0.019			0.06	91	2.28
07.02.16	A9H011Q01	7.9	18	12	7	12	0.14	16	0.04	2	0.014			0.064	117	2.43
07.03.17	A9H011Q01	7.8	21	12	8	11	0.12	17	0.04	7	0.024			0.1	136.5	3.80
07.03.19	A9H011Q01	7.7	17	7	7	12	0.11	11	0.04	5	0.022			0.11	110.5	4.18
07.04.16	A9H011Q01	7.8	16	8	6	10	0.13	12	0.04	2	0.04			0.11	104	4.18
07.05.16	A9H011Q01	8.3	46	32	14	29	0.28	42	0.04	20	0.027			0.07	299	2.66
07.06.19	A9H011Q01	7.9	21	12	8	12	0.05	16	0.04	8	0.017			0.08	136.5	3.04
07.08.13	A9H011Q01	7.8	20	12	8	11	0.13	16	0.194	2	0.015			0.08	130	3.04
07.09.11	A9H011Q01	8.1	23	13	10	16	0.17	18	0.04	2	0.02			0.1	149.5	3.80
07.10.05	A9H011Q01	7.7	14	9	4	9	0.13	13	0.4	10	0.05			0.075	91	2.85
05.04.01	A9H013	7.8	25	16	8	20	0.21	21	0.22	5.5	0.45			0.04	162.5	1.52
05.05.10	A9H013	7.7	24	17	8	12	0.1	27	0.04	6	0.01			0.02	156	0.76
05.05.18	A9H013	7.7	26	20	8	12	0.16	33	0.04	4	0.02			0.02	169	0.76
06.09.27	A9H013	7.7	18	14	6	8	0.21	19	0.04	7.4	0.016			0.02	117	0.76
06.10.15	A9H013	8	21	17	8	9	0.16	21	0.04	7.2	0.015			0.071	136.5	2.70
06.12.12	A9H013	8	20	14	7	8	0.14	22	0.04	4.1	0.022			0.02	130	0.76
07.01.11	A9H013	7.5	10	7	3	5	0.05	12	0.04	2	0.006			0.04	65	1.52
07.02.16	A9H013	7.7	17	14	5	8	0.11	21	0.04	4	0.006			0.06	110.5	2.28
07.04.16	A9H013	7.6	11	8	4	7	0.11	13	0.04	2	0.017			0.07	71.5	2.66
07.05.16	A9H013	7.9	18	13	6	8	0.05	18	0.04	2	0.014			0.1	117	3.80
07.06.19	A9H013	7.9	21	16	6	8	0.05	22	0.04	6	0.016			0.07	136.5	2.66
07.08.13	A9H013	8.3	22	18	8	10	0.11	24	0.179	2	0.006			0.065	143	2.47
07.09.11	A9H013	8	29	24	10	13	0.12	35	0.04	6	0.016			0.118	188.5	4.48
07.10.05	A9H013	7.7	15	14	5	7	0.05	20	0.4	2	0.03			0.1	97.5	3.80
05.02.23	B7H015Q01	7.5	52	23	28	38	0.17	18	0.07	16	0.04			0.06	338	2.28
05.03.27	B7H015Q01	7.8	39	24	19	24	0.2	22	0.07	13	0.02			0.04	253.5	1.52
05.06.23	B7H015Q01	8.4	69	50	37	33	0.4	52	0.04	75	0.014			0.02	448.5	0.76
05.08.10	B7H015Q01	8.2	78	65	43	29	0.4	72	0.08	71	0.02			0.02	507	0.76
05.09.21	B7H015Q01	8.1	78	66	46	29	0.53	68	0.04	127	0.02			0.02	507	0.76
05.10.13	B7H015Q01	8	48	32	28	22	0.33	29	0.04	36	0.04			0.08	312	3.04
05.11.07	B7H015Q01	8.1	35	10	15	32	0.26	12	1.5	10	0.03			0.06	227.5	2.28
05.11.24	B7H015Q01	7.7	57	41	21	30	0.42	46	0.9	88	0.15			0.15	370.5	5.70
05.12.01	B7H015Q01	8.2	51	37	23	30	0.34	38	0.8	50	0.015			0.02	331.5	0.76
06.02.23	B7H015Q01	8	52	35	21	39	0.34	26	0.04	67	0.012			0.02	338	0.76
06.04.06	B7H015Q01	8	36	20	15	26	0.3	19	0.24	54	0.024			0.02	234	0.76
06.05.05	B7H015Q01	8.2	37	21	16	23	0.27	21	0.19	46	0.02			0.02	240.5	0.76
06.06.01	B7H015Q01	8.2	43	27	20	31	0.3	31	0.4	51	0.022			0.02	279.5	0.76
06.06.29	B7H015Q01	7.8	48	27	23	33	0.33	33	0.04	52	0.013			0.07	312	2.66
06.09.06	B7H015Q01	8.2	64	49	36	38	0.52	55	0.33	56	0.03			0.051	416	1.94
06.09.21	B7H015Q01	8.6	65	48	35	35	0.35	54	0.26	50	0.019			0.02	422.5	0.76
06.10.19	B7H015Q01	8.5	65	52	35	36	0.36	60	0.08	58	0.02			0.02	422.5	0.76
06.11.30	B7H015Q01	8.4	34	20	15	20	0.29	22	0.52	27	0.061			0.02	221	0.76
06.12.13	B7H015Q01	8.4	50	35	22	29	0.34	41	0.04	36	0.042			0.02	325	0.76
07.01.17	B7H015Q01	8	24	9	11	17	0.17	11	0.04	32	0.022			0.1	156	3.80
07.02.22	B7H015Q01	8.4	43	25	21	26	0.37	26	0.18	36	0.046			0.09	279.5	3.42
07.03.14	B7H015Q01	8.5	32	23	17	33	0.22	8	0.04	5	0.085			0.06	208	2.28
07.03.22	B7H015Q01	8.3	44	24	23	24	0.19	26	0.04	27	0.034			0.1	286	3.80
07.04.19	B7H015Q01	8.4	42	26	22	23	0.21	26	0.76	30	0.026			0.108	273	4.10
07.05.11	B7H015Q01	8.6	52	34	24	32	0.3	34	0.21	43	0.04			0.09	338	3.42
07.06.03	B7H015Q01	8.3	58	38	32	34	0.31	41	0.09	47	0.015			0.071	377	2.70
07.06.14	B7H015Q01	8.5	59	38	30	30	0.25	42	0.099	42	0.017			0.09	383.5	3.42
07.07.12	B7H015Q01	8.2	60	40	31	33	0.29	48	0.262	55	0.027			0.07	390	2.66
07.07.14	B7H015Q01	8.4	59	39	32	28	0.32	44	0.318	49	0.028			0.085	383.5	3.23
07.08.09	B7H015Q01	8.5	61	40	31	35	0.42	49	0.152	62	0.042			0.097	396.5	3.69
07.09.06	B7H015Q01	8.4	67	52	37	35	0.31	52	0.04	62	0.032			0.113	435.5	4.29
07.10.04	B7H015Q01	8.4	70	62	35	33	0.39	65	0.26	93	0.1			0.131	455	4.98
07.11.29	B7H015Q01	8	32	20	12	21	0.24	22	0.535	21	0.042			0.02	208	0.76
05.01.31	B7H017Q01	30	8	14	12	21	0.2	13	0.08	14	0.03			0.04	195	1.52
05.02.15	B7H017Q01	41	7.7	20	18	27	0.24	23	0.6	19	0.05			0.04	266.5	1.52
05.03.15	B7H017Q01	37	7.7	18	19	25	0.2	46	0.07	5	0.04			0.06	240.5	2.28
05.03.31	B7H017Q01	38	8	20	19	26	0.2	21	0.07	17	0.05			0.24	247	9.12
05.05.16	B7H017Q01	52	8	34	27	30	0.3	40	0.04	33	0.014			0.02	338	0.76
05.05.30	B7H017Q01	46	8	30	23	24	0.29	30	0.04	26	0.03			0.06	299	2.28
05.07.15	B7H017Q01	75	8	51	42	39	0.36	59	0.04	58	0.02		7	0.02	487.5	0.76
05.07.30	B7H017Q01	73	8.4	60	48	40	0.4	73	0.04	54	0.03		8	0.08	474.5	3.04
05.08.15	B7H017Q01	92	8.3	73	55	45	0.47	88	0.39	45	0.04			0.02	598	0.76
05.08.24	B7H017Q01	111	8.1	80	74	63	0.51	93	0.04	40	0.11			0.44	721.5	16.72
05.08.31	B7H017Q01	103	8.1	90	62	46	0.65	116	0.04	36	0.05			0.29	669.5	11.02
05.09.15	B7H017Q01	106	8	99	66	46	0.79	114	0.04	102	0.02			0.02	689	0.76
05.09.30	B7H017Q01	114	8.2	108	71	48	0.65	123	0.04	162	0.03			0.02	741	0.76
05.10.15	B7H017Q01	114	8.1	98	79	46	0.6	124	0.04	74	0.03			0.02	741	0.76
05.11.15	B7H017Q01	50	8.2	36	21	27	0.3	42	0.86	41	0.04			0.05	325	1.90
05.12.15	B7H017Q01	66	8.4	51	28	37	0.31	63	0.04	40	0.05			0.11	429	4.18
06.01.15	B7H017Q01	41	8.1	30	15	21	0.22	31	0.6	29	0.03			0.02	266.5	0.76
06.02.15	B7H017Q01	24	7.5	9	8	19	0.17	10	0.41	18	0.05			0.02	156	0.76
06.02.27	B7H017Q01	30	8.1	13	11	22	0.24	12	0.7	15	0.02			0.02	195	0.76
06.03.01	B7H017Q01	29	8.2	13	10	26	0.24	15	0.04	27	0.03			0.02	188.5	0.76
06.03.15	B7H017Q01	37	8.1	13	16	37	0.2	15	0.04	23	0.031			0.042	240.5	1.60
06.03.27	B7H017Q01	34	8	19	13	26	0.3	14	0.3	74	0.02			0.06	221	2.28
06.04.15	B7H017Q01	33	8	22	15	23	0.27	21	0.23	44	0.04			0.02	214.5	0.76
06.12.13	B7H017Q01	45	8.7	28	22	30	0.32	28	0.04	31	0.023			0.02	292.5	0.76
07.04.25	B7H017Q01	40	8.3	24	21	24	0.21	34	0.121	27	0.043			0.157	260	5.97
07.06.04	B7H017Q01	58	8.3	39	31	32	0.26	42	0.04	39	0.023			0.133	377	5.05
07.10.24	B7H017Q01	62	8.2	47	32	29	0.34	57	0.04	55	0.04			0.177	403	6.73
05.05.19	B8H018Q01	94	8.3	118	36	32	0.38	143	0.37	21	0.025			0.21		7.98
05.09.22	B8H018Q01	116	7.9	155	47	35	0.4	183	0.04	26	0.03			0.02		0.76
06.12.13	B8H018Q01	50	8.1	49	19	20	0.28	59	0.1	16	0.058			0.02		0.76
07.06.20	B8H018Q01	64	8.2	64	24	22	0.25	74	0.25	2	0.021			0.127		4.826
05.02.01	B8H028Q01	8.1	62	68	20	29	0.29	93	0.08	18	0.04			0.03	403	1.14
05.02.14	B8H028Q01	8.3	70	74	21	35	0.3	106	0.07	21	0.06			0.08	455	3.04
05.02.28	B8H028Q01	8	83	87	23	36	0.37	130	0.07	24	0.05			0.04	539.5	1.52
05.03.15	B8H028Q01	8.2	35	31	9	17	0.3	39	0.6	11	0.06			0.04	227.5	1.52
05.03.17	B8H028Q01	8	90	108	27	39	0.35	164	0.32	24	0.03			0.03	585	1.14
05.04.16	B8H028Q01	8.2	64	65	18	33	0.32	91	0.04	17	0.041			0.07	416	2.66
05.04.30	B8H028Q01	8	86	101	25	39	0.35	146	0.04	24	0.033			0.02	559	0.76
05.05.18	B8H028Q01	8.2	89	99	26	39	0.4	158	0.04	21	0.023			0.02	578.5	0.76
05.05.31	B8H028Q01	8	93	107	28	37	0.37	151	0.1	26	0.021			0.02	604.5	0.76
05.06.15	B8H028Q01	7.8	96	109	29	41	0.374	168	0.04	29	0.02			0.07	624	2.66
05.06.30	B8H028Q01	8	97	116	29	38	0.372	194	0.04	23	0.04			0.05	630.5	1.9
05.08.15	B8H028Q01	8.2	109	123	35	50	0.4	205	0.039	24	0.02			0.09	708.5	3.42
05.08.31	B8H028Q01	8.3	115	141	37	40	0.4	218	0.04	24	0.03			0.14	747.5	5.32
05.09.16	B8H028Q01	8.4	122	176	42	28	0.6	263	0.04	24	0.04			0.02	793	0.76
05.10.16	B8H028Q01	8.4	128	172	38	52	0.43	244	0.08	25	0.017			0.13	832	4.94
05.11.19	B8H028Q01	8.2	75	74	30	36	0.28	102	0.04	18	0.03			0.08	487.5	3.04
05.12.15	B8H028Q01	8.3	66	60	30	30	0.27	71	0.04	13	0.04			0.02	429	0.76
06.01.31	B8H028Q01	8.2	42	33	16	24	0.22	42	0.04	12	0.02			0.02	273	0.76
06.02.15	B8H028Q01	8.2	41	27	15	19	0.23	36	0.132	8	0.006			0.06	266.5	2.28
06.03.16	B8H028Q01	7.6	36	25	14	21	0.18	40	0.24	7	0.017			0.048	234	1.824
06.04.15	B8H028Q01	8.1	54	43	23	32	0.3	57	0.04	15	0.022			0.02	351	0.76
06.04.30	B8H028Q01	8	49	37	21	28	0.4	49	0.04	14	0.03			0.02	318.5	0.76
06.06.30	B8H028Q01	8.2	66	68	25	30	0.5	85	0.04	14	0.04			0.044	429	1.672
06.08.21	B8H028Q01	8.3	67	74	23	31	0.28	119	0.04	28	0.013			0.054	435.5	2.052
06.08.31	B8H028Q01	8.2	71	78	24	31	0.28	115	0.04	24	0.07			0.06	461.5	2.28
06.09.15	B8H028Q01	8.3	78	85	28	35	0.36	123	0.04	29	0.012			0.02	507	0.76
06.10.16	B8H028Q01	8.3	85	93	30	29	0.36	141	0.04	21	0.017			0.02	552.5	0.76
06.10.31	B8H028Q01	8.4	87	110	34	31	0.4	150	0.1	27	0.028			0.02	565.5	0.76
06.11.12	B8H028Q01	8.7	94	116	32	31	0.37	170	0.04	21	0.021			0.095	611	3.61
06.11.30	B8H028Q01	7.7	31	26	8	16	0.19	35	0.3	17	0.06			0.07	201.5	2.66
06.12.13	B8H028Q01	8	44	43	13	20	0.28	57	0.144	23	0.025			0.047	286	1.786
06.12.15	B8H028Q01	7.9	45	49	14	17	0.23	71	0.04	22	0.019			0.042	292.5	1.596
06.12.31	B8H028Q01	7.8	19	12	6	12	0.16	16	0.04	8	0.04			0.1	123.5	3.8
07.01.15	B8H028Q01	7.6	32	26	11	16	0.21	32	0.19	12	0.02			0.07	208	2.66
07.01.31	B8H028Q01	7.9	34	27	10	14	0.22	34	0.21	12	0.026			0.146	221	5.548
07.02.19	B8H028Q01	7.7	38	35	11	15	0.24	50	0.252	15	0.027			0.127	247	4.826
07.02.28	B8H028Q01	8.2	45	46	15	18	0.26	68	0.04	15	0.018			0.054	292.5	2.052
07.04.03	B8H028Q01	8	40	32	15	23	0.24	36	0.294	14	0.073			0.083	260	3.154
07.04.15	B8H028Q01	7.7	47	46	15	18	0.25	63	0.393	36	0.023			0.18	305.5	6.84
07.04.30	B8H028Q01	7.8	55	56	18	25	0.27	81	0.166	14	0.034			0.08	357.5	3.04
07.05.15	B8H028Q01	8.2	53	55	18	21	0.22	78	0.198	15	0.018			0.092	344.5	3.496
07.05.31	B8H028Q01	7.9	44	39	14	20	0.2	59	0.04	11	0.021			0.09	286	3.42
07.06.18	B8H028Q01	8.1	46	44	14	20	0.22	61	0.04	7	0.023			0.119	299	4.522
07.06.30	B8H028Q01	8	50	49	15	19.8	0.24	73	0.04	13	0.029			0.063	325	2.394
07.07.15	B8H028Q01	8.2	46	40	12	19	0.24	58	0.04	11	0.034			0.054	299	2.052
07.07.31	B8H028Q01	8	52	50	15	22	0.23	73	0.04	15	0.026			0.074	338	2.812
07.08.15	B8H028Q01	8.4	48	50	16	19	0.23	67	0.173	11	0.015			0.1	312	3.8
07.08.31	B8H028Q01	8.1	49	53	17	17	0.3	71	0.21	14	0.043			0.17	318.5	6.46
07.09.16	B8H028Q01	8.2	49	57	17	9	0.24	86	0.04	17	0.066			0.06	318.5	2.28
07.09.30	B8H028Q01	7.5	19	11	7	12	0.13	10	0.04	13	0.084			0.048	123.5	1.824
07.10.17	B8H028Q01	8.2	45	44	17	22	0.21	54	0.459	10	0.017			0.083	292.5	3.154
07.10.31	B8H028Q01	8	51	59	17	16	0.24	79	0.47	19	0.04			0.12	331.5	4.56
07.11.15	B8H028Q01	7.7	28	25	9	15	0.16	29	0.04	13	0.115			0.08	182	3.04
05.02.18	B9H002Q01	7.8	78	76	29	34	0.31	96	0.07	11	0.03			0.03	507	1.14
05.03.04	B9H002Q01	7.5	67	62	25	31	0.24	63	1.3	6	0.02			0.03	435.5	1.14
06.02.10	B9H002Q01	8.1	46	43	14	20	0.16	52	0.04	8	0.04			0.02	299	0.76
06.02.21	B9H002Q01	7.8	32	25	14	20	0.2	21	0.04	5	0.02			0.02	208	0.76
06.03.16	B9H002Q01	8.3	44	32	18	21	0.2	30	0.04	6	0.012			0.02	286	0.76
06.03.24	B9H002Q01	7.2	20	13	7	13	0.16	13	0.3	8	0.06			0.04	130	1.52
06.04.07	B9H002Q01	8.1	33	26	13	19	0.18	25	0.04	8	0.023			0.02	214.5	0.76
06.04.12	B9H002Q01	8	35	27	14	21	0.21	25	0.04	8	0.02			0.02	227.5	0.76
06.08.15	B9H002Q01	8.1	74	71	34	40	0.05	79	0.2	6	0.33			0.02	481	0.76
06.08.31	B9H002Q01	8.4	73	78	34	43	0.23	82	0.04	10	0.014			0.02	474.5	0.76
06.09.02	B9H002Q01	8.4	73	80	36	41	0.21	86	0.04	6	0.03			0.02	474.5	0.76
06.09.22	B9H002Q01	7.8	83	85	37	43	0.245	100	0.04	2	0.006			0.02	539.5	0.76
06.12.12	B9H002Q01	8.3	121	148	52	46	0.35	161	0.04	8	0.085			0.02	786.5	0.76
07.06.18	B9H002Q01	8.3	69	61	34	36	0.21	59	0.04	2	0.037			0.089	448.5	3.38
05.06.13	B9H003Q01	8.3	150	187	38	34	0.4	185	0.5	9	1.7			17	975	646.00
05.07.13	B9H003Q01	8.3	147	196	40	37	0.34	227	5.5	18	0.11			0.02	955.5	0.76
06.02.19	B9H003Q01	8	30	21	9	16	0.18	18	0.23	5	0.05			0.04	195	1.52
05.04.28	X2H048Q01	6.9	10	5	4	7	0.12	5	0.04	2	0.012			0.02	65	0.76
05.07.28	X2H048Q01	7.6	55	42	28	26	0.23	35	0.04	45	0.02			0.02	357.5	0.76
06.08.29	X2H048Q01	8.3	47	36	29	26	0.222	30	0.04	51	0.016			0.045	305.5	1.71
07.03.22	X2H048Q01	8	35	21	17	19	0.17	22	0.755	29	0.052			0.1	227.5	3.80
07.11.03	X2H048Q01	8.2	37	29	18	17	0.19	23	0.866	29	0.081			0.06	240.5	2.28
05.01.04	X2H046	8.1	36	23	18	20	0.2	23	0.33	27	0.03			0.03	234	1.14
05.01.18	X2H046	8	28	16	13	16	0.21	19	0.6	18	0.07			0.051	182	1.94
05.02.01	X2H046	8.1	34	21	17	20	0.23	24	0.8	28	0.07			0.05	221	1.90
05.02.21	X2H046	8.1	40	27	20	20	0.25	27	0.6	30	0.069			0.09	260	3.42
05.03.07	X2H046	7.9	35	20	15	19	0.2	23	0.9	28	0.05			0.07	227.5	2.66
05.03.15	X2H046	8.1	41	27	20	23	0.26	26	0.8	34	0.06			0.07	266.5	2.66
05.03.29	X2H046	7.8	41	25	20	22	0.24	22	0.7	28	0.05			0.03	266.5	1.14
05.04.04	X2H046	8	38	23	18	21	0.24	20	0.71	23	0.09			0.04	247	1.52
05.04.18	X2H046	7.7	44	29	21	22	0.3	25	0.93	28	0.05			0.04	286	1.52
05.05.10	X2H046	8.1	47	33	25	23	0.25	23	0.88	36	0.045			0.09	305.5	3.42
05.05.30	X2H046	8.1	46	32	24	22	0.24	32	0.61	38	0.045			0.05	299	1.90
05.06.13	X2H046	8	52	39	28	24	0.27	34	0.68	46	0.116			0.02	338	0.76
05.06.27	X2H046	8.1	54	42	26	27	0.26	31	0.6	50	0.04			0.05	351	1.90
05.07.05	X2H046	7.8	53	40	25	26	0.24	30	0.45	36	0.032			0.05	344.5	1.90
05.07.19	X2H046	8.2	52	41	23	25	0.3	31	0.5	33	0.04			0.149	338	5.66
05.08.02	X2H046	8.5	52	42	26	22	0.33	36	0.41	39	0.032			0.06	338	2.28
05.08.16	X2H046	8.1	46	33	23	23	0.23	33	0.5	38	0.027			0.02	299	0.76
05.08.30	X2H046	8.4	47	34	24	22	0.24	31	0.49	35	0.04			0.02	305.5	0.76
05.09.13	X2H046	8.2	46	34	22	23	0.24	33	0.28	32	0.04			0.05	299	1.90
05.09.26	X2H046	8	43	30	22	22	0.26	29	0.16	31	0.044			0.11	279.5	4.18
05.10.11	X2H046	8	44	31	23	22	0.24	31	0.04	33	0.034			0.02	286	0.76
05.10.25	X2H046	8.2	43	31	21	21	0.24	29	0.04	28	0.022			0.063	279.5	2.39
05.11.08	X2H046	7.2	41	31	14	22	0.27	40	0.46	36	0.021			0.02	266.5	0.76
05.11.22	X2H046	7.5	39	30	15	21	0.275	32	0.73	29	0.03			0.09	253.5	3.42
05.12.06	X2H046	8	64	47	33	30	0.3	47	47	76	0.07			0.02	416	0.76
05.12.28	X2H046	8.3	52	36	27	26	0.3	34	34	54	0.12			0.07	338	2.66
06.01.03	X2H046	8.1	45	27	22	24	0.25	28	28	50	0.07			0.04	292.5	1.52
06.01.17	X2H046	7.5	27	16	10	14	0.21	18	0.38	22	0.024			0.056	175.5	2.13
06.01.31	X2H046	7.6	27	15	11	14	0.18	19	0.13	25	0.034			0.02	175.5	0.76
06.02.14	X2H046	7.8	25	14	14	14	0.18	16	0.52	21	0.04			0.02	162.5	0.76
06.02.28	X2H046	7.4	23	16	8	13	0.22	16	0.35	23	0.062			0.02	149.5	0.76
06.03.14	X2H046	7.8	26	16	11	13	0.18	16	0.73	20	0.03			0.02	169	0.76
06.03.28	X2H046	7.9	20	12	8	11	0.16	15	0.44	15	0.006			0.02	130	0.76
06.04.11	X2H046	7.8	25	14	10	13	0.2	15	0.63	17	0.06			0.044	162.5	1.67
06.04.25	X2H046	7.5	28	16	12	15	0.21	16	0.92	20	0.07			0.065	182	2.47
06.05.09	X2H046	7	30	19	14	18	0.21	19	0.66	27	0.05			0.02	195	0.76
06.05.23	X2H046	7.4	37	26	19	17	0.2	21	0.7	31	0.03			0.042	240.5	1.60
06.07.04	X2H046	8.3	39	26	22	21	0.22	25	0.73	38	0.03			0.06	253.5	2.28
06.07.17	X2H046	8	48	29	22	23	0.27	26	0.8	48	0.024			0.07	312	2.66
06.08.01	X2H046	8.4	55	41	32	29	0.14	31	0.8	48	0.045			0.069	357.5	2.62
06.08.13	X2H046	8.2	51	37	29	26	0.22	30	0.65	46	0.033			0.051	331.5	1.94
06.09.11	X2H046	8.4	56	42	30	23	0.27	35	0.6	53	0.048			0.02	364	0.76
06.09.26	X2H046	8.4	54	40	30	26	0.27	29	0.56	46	0.05			0.02	351	0.76
06.10.09	X2H046	8.3	45	30	24	23	0.24	29	0.78	40	0.06			0.11	292.5	4.18
06.11.21	X2H046	8.1	38	24	17	19	0.238	24	1	36	0.069			0.02	247	0.76
06.12.04	X2H046	8.2	40	29	20	18	0.24	25	0.41	37	0.062			0.116	260	4.41
07.01.02	X2H046	7.9	27	16	12	13	0.19	17	0.533	21	0.037			0.054	175.5	2.05
07.01.16	X2H046	8.192	32.2	18.867	16.169	15.518	0.222	18.76	0.477	27.765	0.053			0.093	209.3	3.53
07.01.30	X2H046	8.368	44.9	32.169	21.148	21.371	0.272	26.057	0.482	31.868	0.047			0.074	291.85	2.81
07.02.13	X2H046	8.199	34.3	22.994	16.971	17.641	0.259	19.43	0.588	29.188	0.062			0.082	222.95	3.12
07.02.27	X2H046	7.971	14	4.008	9.119	9.139	0.145	5.483	0.201	2	0.012			0.064	91	2.43
07.03.13	X2H046	8.305	37.3	24.079	18.402	19.497	0.189	23.986	0.651	26.268	0.039			0.065	242.45	2.47
07.03.26	X2H046	8.154	32.5	22.753	18.475	17.34	0.184	17.131	0.628	23.736	0.039			0.082	211.25	3.12
07.04.10	X2H046	8.185	32.9	20.029	16.192	18.102	0.185	21.433	0.746	27.817	0.051			0.188	213.85	7.14
07.04.24	X2H046	8.314	37	25.736	18.846	21.39	0.229	22.222	1.077	31.985	0.074			0.093	240.5	3.53
07.05.08	X2H046	8.466	46.8	35.81	24.707	19.668	0.263	27.357	0.978	37.7	0.066			0.068	304.2	2.58
07.06.05	X2H046	8.256	49.5	34.273	22.603	22.534	0.214	29.354	0.624	36.365	0.044			0.098	321.75	3.72
07.06.18	X2H046	8.334	41.8	27.219	19.599	19.812	0.197	24.394	0.566	27.804	0.053			0.095	271.7	3.61
07.07.03	X2H046	7.968	49.2	34.826	24.516	21.916	0.208	27.388	0.992	38.525	0.045			0.078	319.8	2.96
07.07.07	X2H046	8.458	48	33.309	22.357	22.688	0.259	27.798	0.901	32.554	0.057			0.099	312	3.76
07.07.31	X2H046	8.084	47.3	31.254	23.207	25.657	0.209	30.256	0.775	49.736	0.075			0.09	307.45	3.42
07.08.13	X2H046	8.396	48.1	34.084	23.372	25.608	0.221	33.267	0.468	37.223	0.075			0.25	312.65	9.50
07.08.28	X2H046	8.186	42.8	29.644	22.388	21.38	0.197	27.192	0.473	33.033	0.046			0.117	278.2	4.45
07.09.10	X2H046	7.974	45.2	33.008	20.77	18.774	0.228	28.667	0.459	30.72	0.035			0.115	293.8	4.37
07.09.25	X2H046	8.15	38	28.641	17.543	18.007	0.205	31.154	0.772	29.301	0.12			0.099	247	3.76
07.10.08	X2H046	8.107	39.2	35.125	18.464	18.38	0.232	26.467	1.031	35.924	0.086			0.158	254.8	6.00
07.10.22	X2H046	8.428	43.7	37.195	22.95	19.621	0.231	31.527	0.548	45.143	0.086			0.094	284.05	3.57
07.11.05	X2H046	8.112	35.3	23.262	16.182	18.993	0.206	24.278	0.596	32.785	0.072			0.099	229.45	3.76
07.12.03	X2H046	7.881	33.5	23.355	14.168	17.277	0.192	20.391	0.803	33.757	0.048			0.097	217.75	3.69
05.01.17	X2H006Q01	20	7.7	9	9	15	0.14	14	0.5	13	0.05			0.06	130	2.28
05.01.31	X2H006Q01	24	7.9	10	8	18	0.16	17	0.7	17	0.04			0.06	156	2.28
05.02.14	X2H006Q01	23	7.9	10	9	16	0.14	12	0.75	17	0.07			0.1	149.5	3.80
05.02.28	X2H006Q01	22	7.5	9	9	14	0.16	14	0.8	22	0.03			0.03	143	1.14
05.03.14	X2H006Q01	25	7.9	11	10	15	0.15	19	0.9	24	0.08			0.08	162.5	3.04
05.03.28	X2H006Q01	22	7.3	10	8	14	0.17	14	0.75	16	0.02			0.03	143	1.14
05.04.11	X2H006Q01	25	7.6	11	10	15	0.16	16	0.8	26	0.03			0.03	162.5	1.14
05.04.25	X2H006Q01	27	7.8	12	11	17	0.15	19	1.3	24	0.024			0.13	175.5	4.94
05.05.09	X2H006Q01	26	7.4	11	10	17	0.13	20	1.18	24	0.07			0.1	169	3.80
05.05.23	X2H006Q01	26	7.9	12	11	18	0.14	18	0.6	21	0.26			0.06	169	2.28
05.06.06	X2H006Q01	27	7.8	12	11	17	0.14	22	0.83	21	0.08			0.06	175.5	2.28
05.06.20	X2H006Q01	34	8	16	12	23	0.17	27	0.83	44	0.117			0.04	221	1.52
05.07.04	X2H006Q01	32	7.8	15	13	21	0.14	27	0.85	27	0.155			0.09	208	3.42
05.07.18	X2H006Q01	33	7.7	16	13	18	0.17	25	0.9	28	0.11			0.05	214.5	1.90
05.08.01	X2H006Q01	32	7.9	16	13	21	0.11	24	0.9	32	0.08			0.02	208	0.76
05.08.15	X2H006Q01	29	7.7	15	13	20	0.15	21	1	26	0.13			0.02	188.5	0.76
05.08.29	X2H006Q01	29	7.6	14	12	19	0.13	22	0.8	25	0.07			0.02	188.5	0.76
05.09.12	X2H006Q01	30	7.1	15	13	18	0.17	23	0.7	25	0.09			0.08	195	3.04
05.09.26	X2H006Q01	28	7.7	14	13	19	0.16	22	0.7	23	0.1			0.02	182	0.76
05.10.10	X2H006Q01	29	8	14	12	18	0.16	22	0.6	27	0.074			0.05	188.5	1.90
05.10.25	X2H006Q01	33	7.2	17	13	20	0.2	27	0.95	30	0.26			0.02	214.5	0.76
05.11.07	X2H006Q01	29	7.2	13	12	18	0.3	22	1	38	0.024			0.02	188.5	0.76
05.11.21	X2H006Q01	29	7.6	14	12	18	0.17	21	1.2	34	0.05			0.02	188.5	0.76
05.12.05	X2H006Q01	33	7.5	17	13	21	0.11	32	0.79	31	0.1			0.02	214.5	0.76
05.12.27	X2H006Q01	29	7.3	14	10	19	0.14	21	0.63	24	0.06			0.02	188.5	0.76
06.01.02	X2H006Q01	44	7.6	23	17	30	0.12	63	0.04	44	0.026			0.05	286	1.90
06.01.16	X2H006Q01	48	7.6	25	17	29	0.19	75	0.97	50	0.012			0.07	312	2.66
06.01.30	X2H006Q01	16	7.6	8	6	9	0.18	13	0.67	20	0.05			0.12	104	4.56
06.02.13	X2H006Q01	18	7.5	8	6	10	0.11	11	0.6	14	0.04			0.06	117	2.28
06.02.27	X2H006Q01	16	7.5	9	5.6	8	0.14	11	0.56	23	0.04			0.02	104	0.76
06.03.13	X2H006Q01	16	7.6	8	6	10	0.15	10	0.52	10	0.034			0.07	104	2.66
06.03.27	X2H006Q01	14	7.3	7	5.8	7	0.12	9	0.5	9	0.02			0.06	91	2.28
06.04.10	X2H006Q01	17	7.4	8	5.5	11	1.3	11	0.4	23	0.114			1	110.5	38.00
06.04.24	X2H006Q01	18	7.6	9	7	11	0.13	12	0.5	15	0.052			0.11	117	4.18
06.05.08	X2H006Q01	20	7.6	11	8	12	0.14	14	0.5	19	0.05			0.17	130	6.46
06.05.22	X2H006Q01	23	7.6	13	9	12	0.15	16	0.42	22	0.27			0.18	149.5	6.84
06.07.04	X2H006Q01	29	7.8	14	11	16	0.18	21	0.7	26	0.09			0.36	188.5	13.68
06.07.17	X2H006Q01	30	7.8	14	11	16	0.27	24	0.76	28	0.07			0.18	195	6.84
06.08.01	X2H006Q01	31	6.9	17	12	21	0.132	23	0.34	35	0.024			0.065	201.5	2.47
06.08.13	X2H006Q01	31	7.9	16	13	20	0.11	24	0.79	30	0.076			0.4	201.5	15.20
06.08.29	X2H006Q01	28	8	16	12	19	0.145	23	0.65	23	0.119			0.133	182	5.05
06.09.11	X2H006Q01	27	7.4	15	12	17	0.18	21	0.32	12	0.08			0.02	175.5	0.76
06.09.26	X2H006Q01	29	7.8	15	12	17	0.2	18	0.73	28	0.08			0.17	188.5	6.46
06.10.09	X2H006Q01	25	7.8	12	10	15	0.13	18	0.62	23	0.086			0.167	162.5	6.35
06.10.24	X2H006Q01	30	8.1	16	13	18	0.16	25	0.8	26	0.116			0.153	195	5.81
06.11.06	X2H006Q01	25	7.6	11	10	17	0.16	16	1.1	34	0.07			1	162.5	38.00
06.11.21	X2H006Q01	25	7.9	13	10	19	0.23	19	1	25	0.09			0.1	162.5	3.80
06.12.04	X2H006Q01	28	7.8	14	10	14	0.17	20	0.46	30	0.05			0.09	182	3.42
06.12.21	X2H006Q01	21	7.7	10	9	11	0.14	12	0.5	18	0.06			0.05	136.5	1.90
07.01.16	X2H006Q01	22	7.9	12	9	14	0.16	15	0.51	19	0.07			0.09	143	3.42
07.02.13	X2H006Q01	23	7.8	12	9.2	15	0.16	16	0.7	20	0.05			0.07	149.5	2.66
07.02.22	X2H006Q01	24	7.8	11	10	15	0.11	17	0.44	18	0.037			0.13	156	4.94
07.02.23	X2H006Q01	26	8	15	11	16	0.21	18	0.54	22	0.07			0.054	169	2.05
07.03.13	X2H006Q01	23	7.8	11	10	16	0.13	14	0.66	17	0.284			0.1	149.5	3.80
07.03.23	X2H006Q01	23	8.1	11	10	14	0.14	15	0.5	17	0.11			0.075	149.5	2.85
07.04.10	X2H006Q01	23	7.9	11	9	15	0.13	16	0.4	16.5	0.031			0.08	149.5	3.04
07.04.19	X2H006Q01	21	7.5	12	8	13	0.12	11	0.462	17	0.077			0.11	136.5	4.18
07.05.11	X2H006Q01	30	7.9	16	12	18	0.11	23	0.64	25	0.055			0.136	195	5.17
07.05.17	X2H006Q01	27	7.8	12	11	18	0.13	22	0.7	26	0.055			0.137	175.5	5.21
07.06.07	X2H006Q01	28	7.9	14	11	16	0.11	19	0.68	24	0.09			0.14	182	5.32
07.06.14	X2H006Q01	30	7.7	14	12	18	0.19	19	0.651	17	0.083			0.107	195	4.07
07.07.03	X2H006Q01	29	7.7	16	12	20	0.14	21	0.792	29	0.14			0.306	188.5	11.63
07.07.07	X2H006Q01	31	7.8	16	13	18	0.16	22	0.681	31	0.116			0.244	201.5	9.27
07.07.31	X2H006Q01	32	7.9	15	12	18	0.2	20	0.726	34	0.089			0.206	208	7.83
07.08.09	X2H006Q01	29	7.7	15	13	18	0.12	21	0.69	31	0.165			0.224	188.5	8.51
07.08.28	X2H006Q01	29	7.8	15	12	19	0.15	22	0.91	24	0.309			0.31	188.5	11.78
07.09.25	X2H006Q01	26	7.8	14	10	16	0.14	16	0.736	25	0.073			0.138	169	5.24
07.10.04	X2H006Q01	26	7.6	10	10	13	0.12	16	0.862	28	0.115			0.1	169	3.80
07.10.22	X2H006Q01	27	7.8	18	11	16	0.12	20	0.729	24	0.043			0.123	175.5	4.67
07.11.07	X2H006Q01	22	7.4	11	10	14	0.14	13	0.538	22	0.072			0.079	143	3.00
07.11.20	X2H006Q01	25	7.8	10	9	15	0.12	20	0.742	24	0.09			0.059	162.5	2.24
07.12.06	X2H006Q01	22	7.7	14	8	12	0.14	15	0.77	16	0.037			0.124	143	4.71
05.01.19	X3H006Q01	7.8	23	15	8	12	0.3	26	0.08	4	0.03			0.07	149.5	2.66
05.02.02	X3H006Q01	7.9	23	13	8	11	0.26	26	0.08	5	0.02			0.06	149.5	2.28
05.02.16	X3H006Q01	7.8	27	17	11	13	0.26	28	0.07	3	0.018			0.03	175.5	1.14
05.03.02	X3H006Q01	7.2	19	12	4	9	0.22	17	0.07	5	0.09			0.03	123.5	1.14
05.03.16	X3H006Q01	7.6	23	14	8	10	0.25	24	0.3	4	0.03			0.04	149.5	1.52
05.03.30	X3H006Q01	7.5	24	16	8	12	0.29	29	0.12	4	0.02			0.04	156	1.52
05.04.13	X3H006Q01	7.7	26	17	10	13	0.3	26	0.1	3	0.017			0.03	169	1.14
05.04.27	X3H006Q01	7.8	25	16	11	13	0.26	27	0.13	2	0.006			0.06	162.5	2.28
05.05.11	X3H006Q01	7.8	25	15	10	14	0.24	25	0.04	2	0.006			0.02	162.5	0.76
05.05.25	X3H006Q01	7.8	26	17	11	15	0.26	28	0.04	2	0.032			0.01	169	0.38
05.06.08	X3H006Q01	7.8	26	16	11	13	0.25	30	0.04	2	0.021			0.02	169	0.76
05.06.22	X3H006Q01	7.9	27	17	10	12	0.29	27	0.04	2	0.029			0.02	175.5	0.76
05.07.06	X3H006Q01	7.2	25	15	10	12	0.26	29	0.04	5	0.016			0.05	162.5	1.90
05.07.20	X3H006Q01	7.8	24	15	9	10	0.26	23	0.04	2	0.015			0.02	156	0.76
05.08.03	X3H006Q01	7.7	22	14	8	10	0.24	24	0.04	4.5	0.018			0.02	143	0.76
05.08.17	X3H006Q01	7.9	24	16	10	12	0.25	26	0.04	2	0.023			0.02	156	0.76
05.08.31	X3H006Q01	7.1	25	15	11	11	0.25	26	0.04	2	0.034			0.065	162.5	2.47
05.08.14	X3H006Q01	8	20	13	8	10	0.22	20	0.04	2	0.019			0.02	130	0.76
05.09.28	X3H006Q01	7.6	20	13	9	10	0.227	20	0.04	5	0.023			0.02	130	0.76
05.10.12	X3H006Q01	7.7	18	12	7	8	0.2	18	0.04	2	0.018			0.02	117	0.76
05.10.26	X3H006Q01	8	21	13	8	10	0.28	21	0.04	5	0.02			0.06	136.5	2.28
05.11.09	X3H006Q01	7.5	22	13	9	11	0.23	24	0.04	5	0.02			0.05	143	1.90
05.11.23	X3H006Q01	7.8	25	16	10	12	0.228	28	0.04	7	0.01			0.02	162.5	0.76
05.12.07	X3H006Q01	7.5	27	17	12	15	0.21	31	0.04	6	0.03			0.044	175.5	1.67
06.01.04	X3H006Q01	8	25	16	10	13	0.18	28	0.04	7	0.02			0.02	162.5	0.76
06.01.18	X3H006Q01	7.7	23	16	7	9	0.23	25	0.7	13	0.021			0.07	149.5	2.66
06.02.01	X3H006Q01	7.6	19	15	6	9	0.22	20	0.36	12	0.04			0.02	123.5	0.76
06.03.01	X3H006Q01	7.2	11	9	3	5	0.13	11	0.4	8	0.02			0.02	71.5	0.76
06.03.15	X3H006Q01	7.7	19	17	4	8	0.15	17	0.3	7	0.04			0.02	123.5	0.76
06.03.29	X3H006Q01	7.3	12	10	4	5	0.15	11	0.5	7	0.02			0.02	78	0.76
06.04.12	X3H006Q01	7.6	15	11	5	7	0.18	13	0.45	8	0.024			0.08	97.5	3.04
06.05.10	X3H006Q01	7.2	14	10	5	6	0.18	15	0.4	8	0.03			0.2	91	7.60
06.05.24	X3H006Q01	7	19	13	7	7	0.17	15	0.58	6	0.02			0.1	123.5	3.80
06.07.05	X3H006Q01	7.9	20	12	7	8	0.33	19	0.5	7	0.033			0.06	130	2.28
06.07.18	X3H006Q01	7.1	18	12	7	8	0.4	19	0.4	7	0.1			0.1	117	3.80
06.08.02	X3H006Q01	7.8	20	13	8	9	0.2	20	0.38	5	0.028			0.08	130	3.04
06.08.15	X3H006Q01	7.5	21	15	9	10	0.19	21	0.04	8	0.016			0.02	136.5	0.76
06.09.12	X3H006Q01	7.9	20	13	7	9	0.23	19	0.21	2	0.024			0.02	130	0.76
06.09.27	X3H006Q01	8	21	14	9	11	0.26	20	0.16	6	0.065			0.02	136.5	0.76
06.10.10	X3H006Q01	7.9	21	13	8	10	0.24	22	0.17	5	0.034			0.09	136.5	3.42
06.10.25	X3H006Q01	8.2	22	14	9	11	0.25	24	0.13	5	0.025			0.08	143	3.04
06.11.22	X3H006Q01	7.9	20	13	7	9	0.19	22	0.46	9	0.017			0.02	130	0.76
06.12.05	X3H006Q01	7.9	23	15	9	11	0.24	24	0.17	8	0.027			0.05	149.5	1.90
07.01.17	X3H006Q01	8	22	16	9	11	0.33	23	0.4	9	0.03			0.08	143	3.04
07.02.14	X3H006Q01	7.9	24	16	9	11	0.3	24	0.15	4	0.026			0.08	156	3.04
07.03.13	X3H006Q01	8	22	16	10	11	0.29	26	0.12	2	0.013			0.124	143	4.71
07.03.27	X3H006Q01	7.9	25	15	12	12	0.24	26	0.096	5	0.017			0.145	162.5	5.51
07.04.11	X3H006Q01	7.9	22	15	9	12	0.24	27	0.04	9	0.027			0.069	143	2.62
07.05.09	X3H006Q01	8	23	16	10	11	0.26	26	0.27	5	0.022			0.076	149.5	2.89
07.06.06	X3H006Q01	7.7	27	16	11	12	0.25	28	0.32	10	0.07			0.1	175.5	3.80
07.07.04	X3H006Q01	8	27	16	11	12	0.22	28	0.3	4	0.026			0.078	175.5	2.96
07.08.29	X3H006Q01	7.8	24	16	10	12	0.23	27	0.158	13	0.138			0.085	156	3.23
07.09.26	X3H006Q01	7.9	22	15	8	10	0.23	24	0.084	11	0.025			0.097	143	3.69
07.10.23	X3H006Q01	7.9	24	21	9	11	0.24	27	0.116	8	0.02			0.087	156	3.31
07.11.21	X3H006Q01	7.7	25	17	10	11	0.26	26	0.04	5	0.5			0.083	162.5	3.15
05.02.28	X3H012Q01	8	29	21	12	13	0.32	18	0.07	4	0.033			0.03	188.5	1.14
05.04.28	X3H012Q01	7.6	10	5	4	8	0.05	5	0.22	2	0.021			0.02	65	0.76
05.07.14	X3H012Q01	7.6	13	4	5	10	0.11	7	0.25	4	0.03			0.02	84.5	0.76
05.08.28	X3H012Q01	8.1	14	5	6	10	0.2	8	0.36	2	0.021			0.02	91	0.76
06.05.28	X3H012Q01	7.7	28	18	14	13	0.4	17	0.1	9	0.02			0.02	182	0.76
06.08.29	X3H012Q01	7.9	17	8	7	9	0.19	14	0.04	2	0.019			0.09	110.5	3.42
06.10.02	X3H012Q01	8.4	81	89	30	28	0.328	139	0.32	25	0.022			0.02	526.5	0.76
07.03.23	X3H012Q01	7.4	11	7	5	2	0.11	8	0.04	6	0.006			0.132	71.5	5.02
07.10.24	X3H012Q01	7.2	14	7	5	8	0.12	6	0.04	7	0.129			0.07	91	2.66
07.11.20	X3H012Q01	7.8	12	7	5	7	0.14	7	0.19	6	0.031			0.096	78	3.65
05.01.04	X3H015Q01	19	7.8	11	7	12	0.15	14	0.07	6	0.05			0.03	123.5	
05.01.18	X3H015Q01	21	7.6	11	7	15	0.16	15	0.07	3	0.014			0.04	136.5	
05.02.01	X3H015Q01	16	7.3	10	5	10	0.2	13	0.08	5	0.02			0.03	104	
05.02.16	X3H015Q01	14	7.8	7	5	9	0.13	10	0.07	9	0.02			0.04	91	
05.03.07	X3H015Q01	18	7.8	9	6	12	0.16	10	0.08	3	0.03			0.03	117
05.03.15	X3H015Q01	15	7.4	9	6	9	0.21	12	0.1	3	0.025			0.06	97.5
05.03.29	X3H015Q01	12	7.4	6	5	8	0.13	8	0.16	6	0.03			0.07	78
05.04.12	X3H015Q01	12	7.9	7	5	9	0.13	9	0.16	5	0.017			0.07	78
05.04.26	X3H015Q01	46	8.3	34	21	24	0.3	31	0.36	30	0.029			0.02	299
05.05.10	X3H015Q01	82	8.2	67	37	50	0.44	81	0.04	18	0.022			0.02	533
05.05.24	X3H015Q01	16	7.4	7	6	10	0.13	10	0.04	2	0.03			0.05	104
05.06.07	X3H015Q01	56	8.4	49	26	24	0.32	41	0.04	34	0.034			0.02	364
05.06.21	X3H015Q01	17	7.7	8	7	12	0.13	10	0.04	4	0.02			0.02	110.5
05.07.06	X3H015Q01	63	8.3	58	30	29	0.34	45	0.04	37	0.028			0.02	409.5
05.07.20	X3H015Q01	24	7.7	16	9	10	0.26	22	0.04	5	0.024			0.03	156
05.08.02	X3H015Q01	65	8.5	67	27	25	0.34	52	0.04	40	0.02			0.02	422.5
05.08.16	X3H015Q01	60	8.4	57	27	27	0.32	47	0.04	39	0.021			0.02	390
05.08.30	X3H015Q01	65	8.5	63	30	28	0.33	53	0.04	37	0.03			0.06	422.5
05.09.27	X3H015Q01	62	8.2	61	29	24	0.34	55	0.04	38	0.021			0.02	403
05.10.12	X3H015Q01	22	7.6	11	10	14	0.16	14	0.04	7	0.024			0.07	143
05.10.25	X3H015Q01	65	8.6	65	29	25	0.36	58	0.04	32	0.028			0.057	422.5
05.11.09	X3H015Q01	46	7.8	37	16	19	0.29	40	0.7	41	0.016			0.02	299
05.11.22	X3H015Q01	63	8.2	56	26	30	0.36	57	0.46	38	0.045			0.02	409.5
05.12.06	X3H015Q01	61	8.3	59	26	28	0.38	57	0.15	45	0.026			0.059	396.5
05.12.28	X3H015Q01	16	7.8	8	6	9	0.13	10	0.12	2	0.036			0.064	104
05.01.03	X3H015Q01	52	8.2	41	24	25	0.3	41	0.2	47	0.041			0.02	338
06.01.18	X3H015Q01	19	7.7	11	6	11	0.14	16	0.12	6	0.028			0.065	123.5
06.01.31	X3H015Q01	14	7.4	8	5	8	0.14	11	0.19	8	0.044			0.075	91
06.02.14	X3H015Q01	18	7.3	11	6	9	0.22	13	0.15	2	0.037			0.101	117
06.02.28	X3H015Q01	15	7.6	10	4	7	0.16	13	0.04	15	0.05			0.02	97.5
06.03.14	X3H015Q01	30	7.6	20	11	17	0.21	18	0.46	21	0.021			0.02	195
06.03.27	X3H015Q01	15	7.8	11	5	8	0.15	12	0.24	11	0.017			0.02	97.5
06.03.29	X3H015Q01	19	7.7	12	5	8	0.15	13	0.4	12	0.06			0.02	123.5
06.04.11	X3H015Q01	17	7.7	10	6	9	0.35	13	0.35	6	0.027			0.055	110.5
06.04.25	X3H015Q01	17	7.7	10	6	9	0.18	13	0.29	13	0.019			0.02	110.5
06.05.10	X3H015Q01	16	7.8	9	6	9	0.17	12	0.24	11	0.018			0.02	104
06.05.23	X3H015Q01	41	8.4	30	20	21	0.17	27	0.64	41	0.046			0.044	266.5
06.06.06	X3H015Q01	17	7.9	10	6	9	0.2	11	0.1	10	0.015			0.02	110.5
06.06.21	X3H015Q01	17	7.9	10	6	10	0.25	12	0.14	6	0.024			0.076	110.5
06.07.05	X3H015Q01	18	7.9	11	6	10	0.14	12	0.1	5	0.02			0.02	117
06.07.18	X3H015Q01	18	7.6	10	8	11	0.13	13	0.12	7	0.024			0.06	117
06.08.28	X3H015Q01	20	8	11	8	11	0.17	13	0.11	9	0.006			0.042	130
06.10.10	X3H015Q01	19	7.9	11	9	10	0.11	13	0.04	9	0.023			0.05	123.5
06.11.07	X3H015Q01	18	7.7	10	9	11	0.19	12	0.04	7	0.006			0.02	117
06.11.21	X3H015Q01	18	7.8	13	5	8	0.16	17	0.45	17	0.022			0.02	117
06.12.04	X3H015Q01	16	7.8	8	7	10	0.14	9	0.09	2	0.025			0.102	104
06.12.20	X3H015Q01	17	7.8	11	8	8	0.15	13	0.1	10	0.02			0.1	110.5
07.01.16	X3H015Q01	18	7.7	12	6	10	0.17	14	0.178	4	0.049			0.055	117
07.02.02	X3H015Q01	16	7.7	10	7	9	0.13	13	0.04	7	0.013			0.049	104
07.02.13	X3H015Q01	15	7.8	11	7	8	0.14	9	0.04	7.3	0.016			0.041	97.5
07.02.28	X3H015Q01	15	7.8	9	6	8	0.12	11	0.11	6.5	0.021			0.183	97.5
07.03.13	X3H015Q01	14.8	7.9	8	6	7	0.12	9	0.226	2	0.026			0.125	96.2
07.03.22	X3H015Q01	16	8.3	9	7	8	0.12	10	0.17	5	0.026			0.196	104
07.03.27	X3H015Q01	15	7.9	8	7	8	0.12	10	0.366	2	0.037			0.155	97.5
07.04.11	X3H015Q01	16	8	10	6.5	9	0.12	13	0.233	4	0.026			0.122	104
07.04.25	X3H015Q01	17	8	13	6.8	10	0.12	13	0.19	2	0.036			0.063	110.5
07.05.09	X3H015Q01	20	8	11	7	11	0.19	12.6	0.145	5	0.026			0.082	130
07.05.23	X3H015Q01	18	8	10	8	11	0.13	12	0.113	5	0.028			0.107	117
07.06.05	X3H015Q01	18	8.2	10	7	12	0.12	10	0.04	2	0.018			0.106	117
07.06.20	X3H015Q01	16	7.5	8	8	9	0.16	8	0.04	6	0.006			0.071	104
07.07.03	X3H015Q01	18	8	9	6	11	0.11	11	0.093	6	0.006			0.093	117
07.07.18	X3H015Q01	21	8	9	8	12	0.12	13	0.04	5	0.023			0.086	136.5
07.08.15	X3H015Q01	22	8.2	10	9	12	0.12	12	0.082	6	0.025			0.082	143
07.08.28	X3H015Q01	19	8	11	9	11.8	0.18	20	0.04	13	0.036			0.08	123.5
07.09.12	X3H015Q01	20	7.8	10	9	12	0.16	13	0.315	16	0.153			0.079	130
07.09.25	X3H015Q01	19	7.9	12	8	10	0.15	12	0.04	2	0.036			0.078	123.5
07.10.10	X3H015Q01	19	8	12	9	11	0.15	16	0.147	7	0.037			0.152	123.5
07.10.23	X3H015Q01	18.9	7.3	14	8	9	0.14	13	0.04	6	0.025			0.096	122.85
07.11.07	X3H015Q01	16	7.7	9	7	9	0.14	13	0.098	6	0.021			0.172	104
